Skimmer    1020  1018  1017  1016  1015  1014  1013  1012  1011  1010
-------------------------------------------------------------
3B8CW       261   135  1753   835   333   323   259   222   242   412
3D2AG       250   143   543   151   194    95    76   147   123   366
3V8SS                                            85   344   537   464
5W1SA       241   399   511    27                92    16    81   996
7L4IOU              7  1695  1685     4                             2
9A1CIG      697   569  5037  3621  1087   881  1099   632   983  1076
9M2CNC      305   547   898   807   556   295   456   490   651  2821
9V1RM                         263   403   370   374   334   288  1479
AA4VV       516                                                      
AC0C-1     2982  4026 10925 11803  4474  3756  4217  2030  3614 10102
BA7JA                                                             110
BA7KW       262   272  1567   631   440   358   390   241   214   799
BA7PC       395   429  2342  1593   722   663   706   445   464  3174
BD7JNA                                                           2286
BD7LMD      195   152   600   582                     387   432  3065
BD7MLA                        554   684     5    35   428   399  3107
BG0ARE            334  3925  2210                                 850
BG2UKX                                                        4   450
BG2UKX1                                                            82
BG4GOV                         31    26    36   270   271   238  4337
BG4WOM      486   527  3358  1806   725   484   611   520   519  2949
BG8DIV      196   212  1356   628   333   358   315   248   238  1654
BH4DEG        6     6     9    59    15     3    17     3            
BH4RRG1     156   180   717   663         152   223   188   211  2353
BH4RRG4     154   173   672   545   380   236   199   175   191  2015
BH4XDZ            104    74                39    57   203   262  2420
BY1CY       137   123   166         183   204   166   130   138      
BY5HB        25                                                      
CE6MOA                                           23    62    69   115
CT7ANO                                                              4
CX6VM       557   567  1020   658   460   467   230   401   650  1031
DD0VS                  1088   951                                    
DD5XX      2057  2021  8872  8797  2351  2212  2700  1386  2757  3177
DE1LON     2549  2111 13913 10417  2908  2932  3298  1829  3118  4387
DF4XX      2091  2028  9297  7506  2204  1790  1086  1256  2344  1963
DF7GB      2852  3032 12594 10249  3236  3159  3513  2120  3575  4760
DJ2BC                  1645  8572   264                     216  3418
DJ3AK        38           9   130   239   224   186   112    29   418
DJ9FBA      212                                                      
DK0TE      2402  2445 12448  9831  2287  2339  3005  1682  2415  3500
DK2GOX       66   147   145    68   160   165    95    70   135    68
DK3UA      1192  1434  5578  5315  1324  1250  1277   884  1412  1705
DK8NE        54    86    45    25    28    43    42    44    48    41
DK9IP      2178  2202 11263  9288  2478  2545  2969  1656  2873  4071
DL0LA      2739  2681 13070 10252  3237  3055  3508  2159  3310  4511
DL0PF      3540  3745 15512 12819  4199  3797  4566  2727  4080  6063
DL1AXX            397  3260  4964  2872  2727  3312  1829  2926  4489
DL1HWS      880    12  5797  3064  1665  1675   318   887  1328  1717
DL3DTH     3346  3219 10987  8758  3785  3749  4308  2715  4109  5296
DL8LAS     1587  1912 12273  7130  2109  2017  2695  1239  1791  3118
DL8TG                              3358  2956  4430  3054  4615  5809
DL9GTB     1210  3231 11473   477   783                              
DM6EE      2959  3091 13483 10525  3454  3126  3667  2296  3542  5547
DM7EE      1979  1975 10971  8194  2129   631                        
DO4DXA     2481  1554  8116 15390  1913                              
DR4W       3764  1200                                            1690
DU3TW                                                             379
E28AC       708   669  4044                    1040   698   793  2490
EA/VE3NZ               6517  5767   179   671         849            
EA1RX         2     7                                                
EA1URA      649  1261  2662  1987  1611  1602  1351   869  1481  1542
EA5WU      3956  3423 16703 13037  4262  3604  3602  2487  1883      
EA7/VE3NZ                                              56   826      
ES5PC      2423  3852 17703 13752  4540  4359  4906  2899  4761  6673
ET3AA        39   192  2381  1074   441   338   113   146   240   496
F4VSQ       315   206  2816  2120   386   148   555   344   342   975
F5AHD         2        2234               122   919    90            
F8DGY      1399   632  3353  3201   693    75                        
G0KTN                 14142 10185                                    
G0TMX                  2803  3014                                 289
G3XBI       240   167 14286 11032   324   469   551   221   484   806
G3YPP                                                  74   890  1348
G4AON       357                     728   290   356   186   434      
G4IRN       781                                                      
G4MKR        58        1419   339     7                 4            
G4ZFE      2254  2133 21314 18489  3840  3469  4354  1815  2355  8710
GI4DOH      782   379   277                      11     5    56   198
GM6DX       472   322  4070  2792   193   597   862   258   306   823
HA1AG       899   680  5576  2469  1198  1060  1338   564  1124  1876
HA1VHF     3982  4042 15632 13869  4026  3671  4435  2932  4291  5313
HA5PP       310  2254  7161  1445    46    92     1    62   358    53
HA5PP-2     307    55  2714    73                       3            
HA6PX      3757  3724 14713 12690  3738  3686  4090  2918  4267  5728
HA7GN      1066   796  5306  3319  1062   903   768   588   991  1721
HA8TKS             16  8107  5106  1381  1362  1545   800  1438  1755
HB9BXE     1347  2121 14528 11288  3470  3015  3562  2307  3099  4718
HB9DCO     1985  1669 10334  7073  1983  1373  1890  1242  1634  2677
HB9JCB     2743  2776 13976 11771  3205  3128  3290  1925  3208  4850
HB9RB         9        1769   321                                    
HG8A       3345  3239 15724 12482  3629  3395  4005  2516  3804  4944
HS/F8UKP    256   301  2723  2476                                    
HS8KVH                                                 40         562
IK2LFF                         57                                  16
IK3STG     1286  1398  8548  7515  1683  1584  1771  1088  1813  2033
IK4VET     4075  4171 17991 15573  4844  4246  4841  3430  4753  6749
IZ2CPS                               47  1783  2194  1270  2289  2249
JA4ZRK      366   387  1533  2481  1022  1031  1102   895   943  8775
JG1DLY                                                              2
JH7CSU1     852   845  3154  2994  1138   947  1101   795   783 10491
JI1HFJ      322   335  2012   550   477   449   395   310   264  7943
JJ2VLY      279   311          18   307   301   365   268   268  1444
JQ1BVI      409   538  5837  3935   852  1112  1013   679   887  7942
JS2GYN       61   268   316   290   256   151    79    29            
K1FC               37   291   317           4                       1
K1TTT      1673  1871 15894 13779  2504  2126  2659   806  2489  9186
K2PO/7        3           4     2     2     7     3     1     2    14
K3PA-1     1690  1684  3659  4607  1918  1608  2225  1043  1789  4808
K4PP        331   342   970   769   307   390   574   221   308  1239
K4XD        561   607  2270  1883   472                              
K5TR       1784  1878  4047  2717  1848   790  2354  1293  1845  5050
K7EG        371   569  2644  3184   592   523   605   206   159  1402
K7MJG       246   342    90                                          
K9IMM      2398  2320  5208  6404  2491  2241  2712  1329  2395  5811
K9LC       1904  2039  9118 10519  2177  1907  2668  1105  2217  7780
K9TM-4     1117  1327  5662  4165  1498  1718  2212   890  1516  4492
KB5NJD        2           1                                          
KB6NU-1     137   413  1132         389   273    92   104   393  1751
KC0VKN      333   662  1086  1750    78                              
KC4LE       462   504  1395  1113   357    46                        
KC4YVA     1037  1082  4782  3436  1142   739  1492   736  1171  2740
KD2OGR      774   852  3136  2497   786   867  1227   196        3107
KD7YZ      2284  2069  5630  5966  2674  2568  3074  1418  2323  5823
KE3BK         1          35   571    10                              
KH6LC       119   176  1719  1613   145    83    65    64   100  1213
KM3T       2799  2905 18794 12864  3251  3109  3711  1295  3310  7714
KM3T-2     2891  2982 11084  9254  3554  3509  4195  1930  3512  7948
KO7SS      2374  2452 10618   990  2284  2093  2506  1610  2546  2336
KO7SS-7    1474  1638  7812  7050   957  1460  1924   650  1688  6715
KP2RUM     1432  1291  6116  4894  2192   625   677              2235
KU7T                                511  1956  2046  1114  1559  4728
KV4TT      1130  1283  4288  3403  1384  1478  1997   842  1486  4170
LA6TPA      839   429  7233  5169  1327  1110  1349   247   963  1583
LU1MAW                                     17     4    23    40   213
LU8MHL                                                 14    58      
LY3G                    550    37                                    
LZ2ZG            1062                                                
LZ3CB      1705  1843 13464 10692   708   375   507  1360  2262  4166
LZ3ZZ                                             7                  
LZ4AE      1568  1666 22208 14121   838          28  1757  2984  2941
LZ4UX      1743  1444 10999  7165  2086  1906  1966  1464  1992  2221
LZ5DB                                       3                        
LZ7AA      1837  2049 22162 18259  2365  2209  2758  1552  2634  5733
M0WJG        85          39    47    19     2    13    14     3    20
MM0ZBH     2880  2576 13541  9739  2604  2410  2884  1983  2516  3952
N0OI                           59   425                              
N2QT         49     9                                                
N4RLI       887   910  3017  2997  1092  1138  1364   492   914  3354
N4ZR       2138  2073  1119        1940  2854  1707  1573  2559  3501
N6TV       1064  1222  4813  5318  1343  1111  1298   782  1126  4223
N7TUG                                                  66   234   801
N9MKC       415   526  1899   298                 1           1      
NA0B        466   400  1652  2008   518   190  1037   319   582  1787
NC7J       1461  1364  5504  5550  1080  1158  1338   622   999  5907
NH6HI       150    94    52    10     2    12    18     8   200    80
NN3RP                  1852  2934   709   873  1209   447   819  4193
OE9GHV     4131  4435 27509 23852  4750  4347  5187  3234  4727  6632
OG66X      2367  2224        5050  2773   287                        
OG73X                                                             905
OH0K/6                        336   833   784   495   528  1068  1306
OH2BBT                                                 26            
OH4KA      1596  1426 10145  7869  2016  1901  2123   903  1721  2302
OH6BG      1352              5080  5870  5350  5803  3750  3467  1730
OH8KA                  3949   341   654   625  2425   803  1341  1948
OH8WW                   923  1083                                    
OL7M       2395  2667 13947 12414  2145  2500  2804  1867  2816  3424
ON3URE     3036  2907 14365 11260  3435  3270  3572  2245  3424  4650
ON6ZQ      2471  2266  2795  3010  2834  2520  2613  1712  2896  3396
PA0MBO      451   700  7055  5433  1111  1140  1183         378   819
PA2SQ                                 3                             1
PA5KT                  1670                             4   154   202
PA5WT                  3670  2384               408               715
PA8MM       134                                                      
PE1PUX                   17                                          
PJ2A        853   868  6365  4243  1303  1314  1635   651  1474  3247
R6YY       1303  1175  6235   764    37   505  1524   225   363   717
R9IR        405   320  3636  1673   613   378   737   403   514   903
RK3TD      1785  1628  8750  8152  2132  2298  2686  1349  2101  3478
RN4WA      1616  1537 10108  8540  2507  2454  2839  1775  1832  3220
RV7C                                 17                              
RW9AV       795   344   914    34  1022   729   971   191   564   125
S50ARX     1143  1258 18327 17117  1334  1121  1736   938  1314  6060
S50U       1195  1191  6002  5516  1211  1199  1328   864   904      
S51TC       770     5  7429  6483  2069  1680  2628   764            
S53M                    197                                        11
SE5E       4038  3739 16269 12723  4604  4201  4919  2903  4314  4244
SJ2W       3900  3372  8735  2714  4276  3928  4379  2164  4065  6076
SM0TCZ        2     2    17     6                95   380   877  1056
SM6FMB     5180  4597 31655 31369  5633  5589  6230  3249  6100  4415
SM7IUN     3845  3289 16030 12711  3553  3684  4226  2765  3942  5323
SP8R        983   591  2487  2360   938   836  1402   627   944  1124
SV1CDN      685   513  2174     1     1         457    17   476   324
SV8RV      1250  1455 10266  7820  2239  1918  2061  1379  2123  2654
SZ1A                                                              194
TF3Y       2277  1558 12157 12130  2846  1839  2473   626  2369  4288
TF4X        333   419 13440 12644  3300  2141  3011   671  2090  3478
UA0S        455   447  3747  2964   986   972  1028   399   799  3973
UA4M       2616  2656 14363 11921  3239  2823  1909  2299  3379  4693
UP2L        766   688  3914  3753   933   841  1031   672   865  1298
UT0UM         6                                                      
UY2RA       961  1062  9895    33   676   732   564   310   732  1076
V51YJ       429   392  2003  1685   684   529   684   456   667  1303
VE2NMB              1  5886  5086     1                          2185
VE2WU      1018   901  3372  2215  1410  1165  1998   525  1187  1852
VE6AO       259   284  1325  2049   449   332   641    67   435  1172
VE6JY       708   736  1108  2390  1014   638  1193   380   803  2354
VE6WZ      1222  1419  1838  2831  1501  1295  1491   608  1347  3946
VE7CC       848  1133  4122  4014   874  1007   768   461   810  3894
VK2CCC                                3          13    46    14      
VK2EBN       30    11    56    56     2    13    14    12    32    38
VK2GEL       59    84   168   271    98    57    96    88   108   508
VK3RASA      45   308   857   969                49   272   443   917
VK4ACN                                                           1790
VK4CT       634   551  4571  2927   806   578  1354   915  1313  3465
VK6ANC      251   316  1534  1310   354   313   201   265   404  1332
VU2PTT      424   345  2280  1256   589   529   394   372   382   817
VY0ERC                                      8                     106
W1NT-2     2355  2396  9971  8311  2959  2909  3441  1540  2783  6253
W1NT-6     3145  3334 13528 10328  3446  2554  3598  1375  3528  7726
W2LB                                      301  1133   277   428  2147
W2MV        341   256  2036  1883   372   413   915   145   341   554
W2NAF      2259  2185  8069  6542  2664  2614  3255  1388  2430  5995
W3LPL      2637  2515  8463  6284  3420  3036  3839  1731  2992  5514
W3OA        511   689  2011  1159   622   771  1284  1998  3010  5268
W4AX        399   531  2538  1951   351   365   777   254   414  2042
W4KAZ      2131  2083  7548  5690  2152  2231   500  1471  2167  5248
W6BB        471   360   569   722   459   225   455   101   296   384
W6BB-1      560   661   910   755   462   469   503   232   387   319
W6YX       2525  2709  9340  7149  2386  2425  2196   171  2075  9230
W7HR        569   659   438   681   314   517   966   250   653  1863
W8WTS      1325  1450  4394  3804  1467  1588  1827   785  1360  4305
W8WWV      1938  1991  6515  6043  2101  2113  2023  1064  1846  5137
WA2ZYU       48   123   212    35    39    48    47   107   145   202
WA9VEE                    9    22    24    32    21    36          38
WB6BEE     1439  1639  2631  2647  1551  1473  1705   916  1515  4561
WC2L       1728  1735 13050 11851  2106  1986  2718   892  1985  8799
WE9V       1749  2367  8730 10262  2715  1985  2971  1286  2413  6911
WI5V                                                          5     7
WS3W       2081  1292  4849  4035  1448  1507  1838   664  1386  4174
WW1L        121    51     3    76    67    23    46    43    53    99
WZ7I       3438  3190 22938 20574  1996  3756  4114  2220  3918 14070
ZL4YL       535   600   994  1284   598   562   619   736  1098  1111

Last updated 2021-10-20 19:22:57 UTC
